3,2
3,1
3,3
10,18
10,274
10,129
10,261
10,66
10,72
10,86
10,243
10,2
11,7
11,15
11,9
9,7
9,4
9,6
9,2
9,3
8,17
8,9
8,15
8,11
8,4
8,2
8,3
29,83
29,82
29,81
29,80
29,79
29,78
29,77
29,76
29,75
29,74
29,73
29,72
29,71
29,70
29,69
29,68
29,67
29,66
29,65
29,64
29,35
29,34
29,33
29,32
29,31
29,30
29,29
29,28
29,27
29,26
29,25
29,24
29,23
29,22
29,21
29,20
29,19
29,18
29,17
29,16
29,15
29,14
29,13
29,12
29,11
29,10
29,9
29,8
29,7
29,6
29,5
29,4
29,3
29,2
29,1
29,0
20,3
20,2
20,1
19,3
19,2
19,1
12,3
12,2
12,1
11,28
11,27
11,26
11,25
11,24
11,23
11,22
11,21
18,1
11,20
18,3
